2 			    	
5
1
7
9
6
8
3
4
10

-----------3
7
9
6
8
3
4
10
2
5			1

-----------6

5
7
9
6
8
3
4			2
10			1

----------10

4
10
5
7
9			3
6			2
8			1

--------11

10
5
7			4
9			3
6			2
8			1

--------13

7		5	
9		4	
6		3	
8		2
10		1

-------18

		10
		8
		6
		9
		7
		5
		4
		3
		2
		1

------19
		8
		6
		9
		7
		5
		4
		3
		2
10	1

-------22

		7
		5
		4
		3
		2
		1
9		8
10		6

-------25
		
		6
		7
		5
		4
8		3
9		2
10	1

-------27

		5
		4
7		3
8		2
9		1
10		6

--------29

6		5
7		4
8		3
9		2
10		1

--------34

1
2
3
4
5
6
7
8
9
10

*************************************
4 2 1 3 5 
----------------3
4 2 3 5
      1
----------------2
3 5 4
   2 1
----------------1
5 4
	3 2 1
----------------1
4 5
3 2 1
----------------3
